Moon 384400 0.0549 3475 5.145
Phobos 9378 0.0151 22.5 1.08
Demios 23459 0.0005 12 1.79
Callisto 1882710 0.007 4821.0 0.19
Ganymede 1070410 0.001 5262 0.18
Europa 671030 0.009 3122 0.47
Io 421700 0.004 3643 0.04
Mimas 185520 0.0202 392 1.53
Enceladus 238020 0.0045 498 0
Tethys 294660 0.0 1060 1.86
Dione 377400 0.0022 1120 0.02
Rhea 527040 0.0010 1530 0.35
Titan 1221830 0.0292 5150 0.33
Hyperion 1481100.0 0.1042 286 0.43
Iapetus 3561300 0.0283 1460 14.72
Ariel 199900 0.0012 1158 0.04
Umbriel 266000 0.0039 1169 0.13
Titania 436300 0.0011 1577 0.08
Oberon 583500 0.0014 1523 0.07
Miranda 129900 0.0013 472.0 4.34
Triton 354760 0.000016 2707 157.345
Nereid 5513400 0.7512 340 7.23
Charon 19591 0 1212 0.00005